26,44
26,43
26,42
26,41
26,40
26,39
26,38
26,37
26,36
26,35
3,2
3,1
3,3
10,274
10,12
10,172
10,220
10,166
10,2
10,3
11,18
11,20
11,8
11,26
11,12
11,22
11,1
11,16
11,2
11,3
9,7
9,4
9,1
9,6
9,2
9,3
8,5
8,9
8,13
8,11
8,2
8,3
12,2
12,1
12,3
20,2
20,1
20,3
19,2
19,1
19,3
18,1
18,3
10,163
10,162
10,161
10,160
10,159
10,158
10,157
10,156
10,155
10,154
10,153
10,152
10,151
10,150
10,149
10,148
10,147
10,146
14,1
10,145
10,144
10,143
10,142
10,141
10,140
10,138
14,3
10,137
13,1
10,136
10,135
10,134
10,133
10,132
10,131
10,130
10,128
10,127
10,126
13,3
10,125
10,124
10,123
10,122
10,121
